47
1 0 1 0 0 1 0 1 0 0 0 0 0 0 1 0 1 0 0 0 0 1 0 0 0 1 1 1 0 0 0 0 0 0 0 0 0 0 0 0 1 0 0 0 1 1 1
1 0 1 0 0 1 0 1 0 0 0 0 0 0 1 0 1 0 0 0 0 1 0 0 0 1 1 1 0 0 0 0 0 0 0 0 0 0 0 0 1 0 0 0 1 1 1
1 1 1 0 1 1 1 1 1 1 1 1 1 1 1 1 1 1 0 1 1 1 0 0 0 1 1 1 1 1 0 0 1 0 0 1 0 0 0 0 1 0 0 0 1 1 1
1 0 1 0 0 1 0 1 0 0 0 0 0 0 1 0 1 0 0 0 0 1 0 0 0 1 1 1 0 0 0 0 0 0 0 0 0 0 0 0 1 0 0 0 1 1 1
0 0.031510 0.261111 0.022396 0.066667
1 0.022917 0.198611 0.028125 0.082407
2 0.060417 0.313426 0.025000 0.075000
3 0.090365 0.166204 0.028646 0.082407
4 0.129427 0.239352 0.024479 0.069444
5 0.171094 0.643056 0.025521 0.076852
6 0.194271 0.560648 0.021875 0.073148
7 0.203906 0.640741 0.023438 0.081481
8 0.175260 0.232407 0.025521 0.061111
9 0.203125 0.161574 0.027083 0.067593
10 0.256250 0.189352 0.023958 0.060185
11 0.280469 0.172685 0.017188 0.052778
12 0.293490 0.150463 0.023438 0.063889
13 0.294531 0.255093 0.024479 0.071296
14 0.315104 0.486111 0.025000 0.070370
15 0.353646 0.218981 0.021875 0.052778
16 0.352344 0.837963 0.032813 0.090741
17 0.374219 0.218056 0.021354 0.065741
18 0.412760 0.204630 0.025521 0.064815
19 0.434115 0.266667 0.020313 0.061111
20 0.433854 0.185648 0.022917 0.058333
21 0.455208 0.282407 0.025000 0.066667
22 0.485156 0.155093 0.014063 0.062037
23 0.485156 0.188889 0.019271 0.053704
24 0.501563 0.064352 0.020833 0.054630
25 0.513281 0.223148 0.023438 0.061111
26 0.564063 0.223148 0.029167 0.061111
27 0.556771 0.600926 0.026042 0.070370
28 0.563802 0.125000 0.026562 0.057407
29 0.546354 0.197685 0.015625 0.050926
30 0.593490 0.189352 0.026562 0.065741
31 0.632552 0.174074 0.028646 0.088889
32 0.639323 0.271296 0.030729 0.079630
33 0.724479 0.208796 0.020833 0.060185
34 0.759635 0.251852 0.034896 0.077778
35 0.784115 0.209259 0.018229 0.061111
36 0.792708 0.144907 0.022917 0.036111
37 0.808594 0.193519 0.019271 0.044444
38 0.815885 0.256019 0.022396 0.065741
39 0.827865 0.245833 0.020313 0.075000
40 0.899479 0.678704 0.023958 0.064815
41 0.921354 0.251852 0.021875 0.064815
42 0.980469 0.242130 0.025521 0.062037
43 0.073698 0.666667 0.032813 0.075926
44 0.497135 0.691667 0.028646 0.087037
45 0.623698 0.762500 0.032813 0.060185
46 0.833594 0.649074 0.031771 0.077778
