0 0.019010 0.264815 0.018229 0.062963
1 0.014583 0.179167 0.028125 0.082407
2 0.063021 0.241204 0.025000 0.075000
3 0.082552 0.156019 0.028646 0.082407
4 0.134635 0.231944 0.024479 0.069444
5 0.147396 0.308796 0.023958 0.065741
6 0.176042 0.260648 0.021875 0.073148
7 0.198698 0.569444 0.022396 0.068519
8 0.175781 0.196759 0.025521 0.060185
9 0.203125 0.161574 0.027083 0.067593
10 0.256250 0.189352 0.023958 0.060185
11 0.280469 0.172685 0.017188 0.052778
12 0.293490 0.150463 0.023438 0.063889
13 0.291927 0.251389 0.024479 0.071296
14 0.314063 0.291204 0.020833 0.062037
15 0.353646 0.218981 0.021875 0.052778
16 0.373698 0.456481 0.032813 0.090741
17 0.376823 0.206019 0.021354 0.065741
18 0.409635 0.204630 0.025521 0.064815
19 0.432031 0.258333 0.020313 0.061111
20 0.436979 0.176389 0.022917 0.058333
21 0.452083 0.281481 0.025000 0.066667
22 0.479427 0.161574 0.014063 0.062037
23 0.494531 0.178241 0.018229 0.054630
24 0.506250 0.061574 0.020833 0.054630
25 0.524219 0.229630 0.023438 0.061111
26 0.559375 0.220370 0.029167 0.061111
27 0.560156 0.478704 0.024479 0.062963
28 0.561198 0.126852 0.026562 0.057407
29 0.578125 0.201389 0.018750 0.058333
30 0.596094 0.182870 0.026562 0.065741
31 0.629948 0.174074 0.028646 0.088889
32 0.657031 0.256481 0.030729 0.079630
33 0.696875 0.217130 0.020833 0.060185
34 0.745573 0.256019 0.029687 0.082407
35 0.784115 0.209259 0.018229 0.061111
36 0.792708 0.144907 0.022917 0.036111
37 0.808594 0.187963 0.019271 0.044444
38 0.815885 0.256019 0.022396 0.065741
39 0.832292 0.234259 0.028125 0.061111
40 0.881250 0.500000 0.031250 0.079630
41 0.917188 0.242593 0.021875 0.064815
42 0.986719 0.242130 0.025521 0.062037
43 0.082031 0.627778 0.032813 0.075926
44 0.492969 0.651852 0.028646 0.087037
45 0.629948 0.664815 0.031771 0.074074
46 0.834115 0.585185 0.031771 0.077778
